$name サンプルマップ・パイオニア星系
$serverName パイオニア星系
$size 9000

$planet
(3180,4500) large #c4A89FF ガーデンプラネット
(3182,4570)(3180,4500) small アスタルト
(3307,4374)(3180,4500) small #c29D0D6 ネロ
(2971,4404)(3180,4500) small #cC2C2C2 ガラノデル

$station
(2988,4506)(2850,4341)(3250,4740) city 10 アントンタス
(2969,4474) default 停泊所
(2966,4534) default 停泊所
(3015,4535) default 停泊所
(3014,4476) default 停泊所
(2934,4428) subCity 9 ウラヌス研究センター
(3089,4462) subCity 9 ムーア貿易センター
(2915,4614) subCity 9 ムーア軍事センター
(3084,4676) subCity 9 ムーア交通センター
(2873,4647)(2860,4640)(2880,4660) default 5 WASP-67軍事センター
(2893,4672)(2880,4660)(2900,4680) default 5 HD-142022-A作戦センター
(2908,4409)(2900,4400)(2920,4420) default 5 DA2研究センター
(2869,4318)(2860,4310)(2880,4330) default 5 HIP-67851研究センター
(2916,4278)(2910,4270)(2930,4290) default 5 LMC-175746軍事センター
(3032,4307)(3020,4300)(3040,4320) default 5 GV9作戦センター
(3101,4429)(3090,4420)(3110,4440) default 5 HD-101930作戦センター
(3060,4447)(3050,4441)(3070,4460) default 5 RZ215貿易センター
(3088,4508)(3080,4500)(3100,4520) default 5 HK151貿易センター
(3121,4577)(3110,4570)(3130,4590) default 5 NGC-3603-B鉱業センター
(3069,4619)(3060,4610)(3080,4630) default 5 HD-212301交通センター
(3131,4658)(3120,4650)(3140,4670) default 5 YW134交通センター
(3169,4689)(3160,4680)(3180,4700) default 5 LMC-54365交通センター
(3180,4720)(3170,4710)(3190,4730) default 5 JG81研究センター
(3268,4668)(3260,4660)(3280,4680) default 5 PB171鉱業センター
(3203,4767)(3190,4760)(3210,4780) default 5 AZ84軍事センター
(3049,4770)(3040,4760)(3060,4780) default 5 HD-229059軍事センター

(2641,4656)(2570,4600)(2690,4720) city 6 オラートル
(2607,4702) subCity 5 アントニオス貿易センター
(2667,4689) subCity 5 「ローランド&カリリオン」研究センター
(2660,4616) subCity 5 アンドリューズ交通センター
(2596,4629) subCity 5 アンドリューズ軍事センター
(2624,4670) default パイオニアゲート
(2527,4715)(2520,4710)(2540,4730) default 4 WW31作戦基地
(2528,4659)(2520,4650)(2540,4670) default 3 TY430交通基地
(2525,4578)(2520,4570)(2540,4590) default 4 WASP-103工業基地
(2546,4555)(2540,4550)(2560,4570) default 4 LMC-54365工業基地
(2617,4572)(2610,4560)(2630,4580) default HD-200964軍事基地
(2653,4554)(2640,4540)(2660,4560) default 4 HD-4313工業基地
(2679,4556)(2671,4550)(2690,4571) default 4 HX11作戦基地
(2724,4634)(2721,4620)(2740,4640) default 5 HT-11研究センター
(2739,4698)(2730,4690)(2750,4710) default 3 HATS-3交通センター
(2718,4723)(2710,4710)(2730,4730) default 4 HD-38529作戦基地
(2624,4757)(2610,4750)(2630,4770) default 4 WR116軍事基地
(2590,4670)(2581,4660)(2600,4681) default 4 KN76交通基地
(2629,4619)(2621,4610)(2641,4631) default 4 HAT-P-2軍事基地
(2670,4639)(2660,4630)(2680,4650) default 4 HD-155358交通基地
(2662,4709)(2650,4700)(2670,4720) default 5 HATS-10研究基地
